UG: 0.0110054
VG: 0.0010674
WG: 0.0002242
IG: 0.0000000
UL: 0.0508401
VL: 0.0104603
WL: 0.0037804
IL: 0.0000000
