UG: 0.0108706
VG: 0.0010735
WG: 0.0002242
IG: 0.0000000
UL: 0.0499984
VL: 0.0104957  
WL: 0.0037801
IL: 0.0000000
