la=0.405
bb=0.286378
C0=0.15
wavelength=0.014267
