init_a=4.64921
init_b=3.42161
init_c=0.272639
init_d=1.8779
init_e=4.2515
init_epsilon=1.0
d_fixed="y"
e_fixed="y"
scale_a=1.0
scale_b=1.0
scale_c=1.0
scale_d=1.0
scale_e=1.0
